 AIMExt (Version 17.11.14, Standard)
 Portions Copyright (c) 1997-2017 by Todd A. Keith
 AIMExt is a component of the AIMAll package ( http://aim.tkgristmill.com )

 TP:  64-bit Windows

 AIMExt is a heavily modified and extended version of the EXTREME program
 developed by members of R.F.W. Bader's research group

 Much of the Quantum Theory of Atoms in Molecules (QTAIM) is described in the book:
   "Atoms in Molecules - A Quantum Theory"
   R.F.W. Bader, Oxford University Press, Oxford, 1990

 For additional references see:  http://aim.tkgristmill.com/references.html

 Wfn File:  C:\Users\Pheon\Desktop\Fall 2018\Research\cisfattyacid[2441].wfn
 ExtOut File:  C:\Users\Pheon\Desktop\Fall 2018\Research\cisfattyacid[2441].extout
 Mgp File:  C:\Users\Pheon\Desktop\Fall 2018\Research\cisfattyacid[2441].mgp

 MgpViz File:  C:\Users\Pheon\Desktop\Fall 2018\Research\cisfattyacid[2441].mgpviz

 Wfn Title:   cisfattyacid MP2                                                              
 Job Title:  Auto                                                                           
 
Nuclear Charges and Cartesian Coordinates:
-------------------------------------------------------------------------------
Atom      Charge                X                  Y                  Z
-------------------------------------------------------------------------------
H1         1.0           5.3193619500E+00   1.0873150600E+00  -1.6538207700E+00
C2         6.0           4.0880948200E+00   1.0065575000E+00  -4.0653000000E-04
H3         1.0           2.8561391000E+00   2.6394046300E+00  -4.4912000000E-04
H4         1.0           5.3203650200E+00   1.0878928800E+00   1.6521862300E+00
C5         6.0           2.6694799200E+00  -1.4434996800E+00   2.8775000000E-04
H6         1.0           3.8497215900E+00  -3.1230585300E+00   5.8045000000E-04
C7         6.0           1.6517540000E-01  -1.8855817100E+00   2.7299000000E-04
H8         1.0          -4.9197635000E-01  -3.8205707600E+00   4.7757000000E-04
C9         6.0          -1.9677473000E+00  -8.1618830000E-02   1.0190000000E-05
O10        8.0          -4.1644946200E+00  -7.4523745000E-01  -5.2800000000E-04
O11        8.0          -1.2969221700E+00   2.4024899800E+00   4.9147000000E-04
H12        1.0          -2.8922939700E+00   3.2958528300E+00   3.3144000000E-04

Total number of electron density critical points found =     25

Electron Density Critical Point Analysis of Molecular Structure:
---------------------------------------------------------------
  NACP = Nuclear Attractor Critical Point
  NNACP = Non-Nuclear Attractor Critical Point
  BCP = Bond Critical Point
  RCP = Ring Critical Point
  CCP = Cage Critical Point
  Rho = Electron Density
  GradRho = Gradient of Electron Density
  HessRho_EigVals = Eigenvalues of the Hessian of Rho, Ascending Order
  HessRho_EigVecs = Eigenvectors of the Hessian of Rho
  DelSqRho = Laplacian of Rho = Trace of Hessian of Rho
  Bond Ellipticity = (HessRho_EigVal(1) / HessRho_EigVal(2)) - 1
  V = Virial Field = Potential Energy Density = Trace of Stress Tensor
  G = Lagrangian Form of Kinetic Energy Density
  K = Hamiltonian Form of Kinetic Energy Density
  L = K - G = Lagrangian Density = (-1/4)DelSqRho
  Vnuc = Electrostatic Potential from Nuclei
  Ven = Electron-nuclear attractive contribution to Virial Field V
  Vrep = V - Ven = Repulsive contribution to Virial Field V
  DelSqV = Laplacian of V
  DelSqVen = Laplacian of Ven
  DelSqVrep = Laplacian of Vrep
  DelSqG = Laplacian of G
  DelSqK = Laplacian of K
  Stress_EigVals = Eigenvalues of Stress Tensor, Ascending Order
  Stress_EigVecs = Eigenvectors of Stress Tensor
  -DivStress = Ehrenfest Force Density = Minus Divergence of Stress Tensor
  ESP = Total Electrostatic Potential
  ESPe = Electrostatic Potential from Electrons
  ESPn = Electrostatic Potential from Nuclei
  BP = Bond Path
  BPL = Bond Path Length
  GBL = Geometric Bond Length
  GBL_I = Distance Between Nuclear Attractors
  GBL_II = Distance Between Nuclei
  GBL_III = Sum of Distances Between BCP and Nuclear Attractors
  GBL_IV = Sum of Distances Between BCP and Nuclei

CP# 1      Coords =  5.29287798467607E+00  1.08504835025009E+00 -1.61838018794388E+00
           Type = (3,-3) NACP H1
           Rho =  4.1917487513E-01     Rho at Nucleus =  4.1343435238E-01
           GradRho =  6.0368376964E-16 -5.3819795842E-16  1.9532986339E-15
           HessRho_EigVals = -6.2582611171E+00 -6.2565467144E+00 -5.6185225652E+00
           HessRho_EigVec1 =  1.1472877293E-01  9.8239915879E-01  1.4740828154E-01
           HessRho_EigVec2 =  7.9347072693E-01 -1.7990514945E-01  5.8141064894E-01
           HessRho_EigVec3 = -5.9769684135E-01 -5.0259625986E-02  8.0014527171E-01
           DelSqRho = -1.8133330397E+01
           Bond Ellipticity = NA
           V = -4.5638360829E+00
           G =  1.5251741861E-02
           K =  4.5485843410E+00
           L =  4.5333325992E+00
           Vnuc =  3.1863440545E+01
           Ven = -1.3356353712E+01
           Vrep =  8.7925176290E+00
           DelSqV =  6.7206366410E+02
           DelSqVen =  5.7779029499E+02
           DelSqVrep =  9.4273369117E+01
           DelSqG =  6.6103744360E+01
           DelSqK = -7.3816740846E+02
           Stress_EigVals = -1.5749917351E+00 -1.5746869088E+00 -1.4141574389E+00
           Stress_EigVec1 = -6.3682946839E-01  6.3573070077E-01 -4.3622781237E-01
           Stress_EigVec2 =  4.8677687938E-01  7.7029018108E-01  4.1194818440E-01
           Stress_EigVec3 = -5.9791010854E-01 -4.9995130070E-02  8.0000249317E-01
           -DivStress =  5.5380804300E+00  4.7441760698E-01 -7.4118384098E+00
           ESP =  -1.0985711117E+00     ESP at Nucleus =  -1.1009898819E+00
           ESPe = -1.0389126992E+01     ESPe at Nucleus = -1.0289964598E+01
           ESPn =  9.2905558801E+00     ESPn at Nucleus =  9.1889747159E+00

CP# 2      Coords =  4.08809504054634E+00  1.00655603735525E+00 -4.06530237530935E-04
           Type = (3,-3) NACP C2
           Rho =  1.1795070985E+02     Rho at Nucleus =  1.1795070969E+02
           GradRho =  6.9700634153E-11 -7.3958949381E-10 -1.1419321435E-13
           HessRho_EigVals = -1.4525023966E+05 -1.4524988327E+05 -1.4524956055E+05
           HessRho_EigVec1 =  6.0441486840E-01  7.9666962868E-01 -4.1180739828E-04
           HessRho_EigVec2 =  3.1964858605E-04  2.7440107643E-04  9.9999991126E-01
           HessRho_EigVec3 =  7.9666967099E-01 -6.0441494641E-01 -8.8802229856E-05
           DelSqRho = -4.3574968348E+05
           Bond Ellipticity = NA
           V = -1.0894770140E+05
           G =  5.1402644339E+00
           K =  1.0894256113E+05
           L =  1.0893742087E+05
           Vnuc =  4.0563129923E+06
           Ven = -4.7844499679E+08
           Vrep =  4.7833604909E+08
           DelSqV =  2.4993834547E+09
           DelSqVen =  1.7675373117E+12
           DelSqVrep = -1.7650379283E+12
           DelSqG =  1.3417555265E+08
           DelSqK = -2.6335590073E+09
           Stress_EigVals = -3.6316001618E+04 -3.6315898914E+04 -3.6315800865E+04
           Stress_EigVec1 =  7.8376021646E-01 -6.2106352916E-01  1.2586602054E-04
           Stress_EigVec2 =  2.3850115716E-04  5.0364206699E-04  9.9999984473E-01
           Stress_EigVec3 =  6.2106349612E-01  7.8376006474E-01 -5.4285898581E-04
           -DivStress = -1.8194868343E+02  1.1860790369E+03  1.9581920566E-01
           ESP =  -1.4744886389E+01     ESP at Nucleus =  -1.4744886401E+01
           ESPe = -2.3443236215E+01     ESPe at Nucleus = -2.3443235505E+01
           ESPn =  8.6983498258E+00     ESPn at Nucleus =  8.6983491033E+00

CP# 3      Coords =  2.88460362787274E+00  2.60191188542668E+00 -4.47790028437074E-04
           Type = (3,-3) NACP H3
           Rho =  4.2173931369E-01     Rho at Nucleus =  4.1529231596E-01
           GradRho =  1.9557272468E-14 -2.5803144343E-14  1.6534083130E-18
           HessRho_EigVals = -6.2565836989E+00 -6.2545387065E+00 -5.5579254433E+00
           HessRho_EigVec1 =  7.9908524919E-01  6.0121773095E-01  6.7202726301E-05
           HessRho_EigVec2 = -7.0801729308E-05 -1.7674310101E-05  9.9999999734E-01
           HessRho_EigVec3 = -6.0121773054E-01  7.9908525182E-01 -2.8443974550E-05
           DelSqRho = -1.8069047849E+01
           Bond Ellipticity = NA
           V = -4.5483702513E+00
           G =  1.5554144549E-02
           K =  4.5328161067E+00
           L =  4.5172619622E+00
           Vnuc =  3.1974658097E+01
           Ven = -1.3484970361E+01
           Vrep =  8.9366001100E+00
           DelSqV =  6.6598873005E+02
           DelSqVen =  5.7775162710E+02
           DelSqVrep =  8.8237102948E+01
           DelSqG =  6.5266903118E+01
           DelSqK = -7.3125563317E+02
           Stress_EigVals = -1.5745624384E+00 -1.5742115066E+00 -1.3995963062E+00
           Stress_EigVec1 =  8.0033964771E-01  5.9954662845E-01 -5.3723389263E-04
           Stress_EigVec2 =  4.1151806734E-04  3.4672797735E-04  9.9999985522E-01
           Stress_EigVec3 = -5.9954672792E-01  8.0033975292E-01 -3.0775877427E-05
           -DivStress = -5.9329589113E+00  7.8048101529E+00 -2.7646229771E-04
           ESP =  -1.1099344389E+00     ESP at Nucleus =  -1.1126510469E+00
           ESPe = -1.1841317717E+01     ESPe at Nucleus = -1.1765232054E+01
           ESPn =  1.0731383278E+01     ESPn at Nucleus =  1.0652581007E+01

CP# 4      Coords =  5.29385752454918E+00  1.08561387318554E+00  1.61676163216541E+00
           Type = (3,-3) NACP H4
           Rho =  4.1918601191E-01     Rho at Nucleus =  4.1344488126E-01
           GradRho = -7.8062556419E-16 -1.0863705768E-16 -1.5282913823E-15
           HessRho_EigVals = -6.2584058856E+00 -6.2566891942E+00 -5.6186101380E+00
           HessRho_EigVec1 =  1.1443540972E-01  9.8239399017E-01 -1.4767052883E-01
           HessRho_EigVec2 =  7.9313447427E-01 -1.7985639005E-01 -5.8188433961E-01
           HessRho_EigVec3 =  5.9819916644E-01  5.0534414436E-02  7.9975248060E-01
           DelSqRho = -1.8133705218E+01
           Bond Ellipticity = NA
           V = -4.5639305341E+00
           G =  1.5252114809E-02
           K =  4.5486784193E+00
           L =  4.5334263045E+00
           Vnuc =  3.1862188052E+01
           Ven = -1.3356183540E+01
           Vrep =  8.7922530061E+00
           DelSqV =  6.7207503301E+02
           DelSqVen =  5.7777952572E+02
           DelSqVrep =  9.4295507291E+01
           DelSqG =  6.6104738232E+01
           DelSqK = -7.3817977125E+02
           Stress_EigVals = -1.5750280311E+00 -1.5747231961E+00 -1.4141793069E+00
           Stress_EigVec1 = -6.3665341342E-01  6.3572321818E-01  4.3649561401E-01
           Stress_EigVec2 =  4.8638691822E-01  7.7027850422E-01 -4.1243034773E-01
           Stress_EigVec3 =  5.9841473659E-01  5.0269432167E-02  7.9960789592E-01
           -DivStress =  5.5431133335E+00  4.7699846305E-01  7.4086389952E+00
           ESP =  -1.0985749863E+00     ESP at Nucleus =  -1.1009943880E+00
           ESPe = -1.0388856354E+01     ESPe at Nucleus = -1.0289685265E+01
           ESPn =  9.2902813681E+00     ESPn at Nucleus =  9.1886908766E+00

CP# 5      Coords =  2.66948147939576E+00 -1.44349936082255E+00  2.87749674071044E-04
           Type = (3,-3) NACP C5
           Rho =  1.1813923599E+02     Rho at Nucleus =  1.1813923581E+02
           GradRho =  9.1181323603E-10  1.7995017976E-10 -1.8154817656E-13
           HessRho_EigVals = -1.4548963945E+05 -1.4548846544E+05 -1.4548816237E+05
           HessRho_EigVec1 =  5.2679475197E-06  1.7452688896E-04  9.9999998476E-01
           HessRho_EigVec2 =  1.2735946666E-01  9.9185661063E-01 -1.7377657419E-04
           HessRho_EigVec3 =  9.9185662584E-01 -1.2735946563E-01  1.7002602924E-05
           DelSqRho = -4.3646626725E+05
           Bond Ellipticity = NA
           V = -1.0912651679E+05
           G =  4.9749870111E+00
           K =  1.0912154180E+05
           L =  1.0911656681E+05
           Vnuc =  3.7695045480E+06
           Ven = -4.4532638738E+08
           Vrep =  4.4521726086E+08
           DelSqV =  2.5034788154E+09
           DelSqVen =  1.6452616520E+12
           DelSqVrep = -1.6427581732E+12
           DelSqG =  1.3440246367E+08
           DelSqK = -2.6378812791E+09
           Stress_EigVals = -3.6375847527E+04 -3.6375644196E+04 -3.6375025063E+04
           Stress_EigVec1 =  9.9550076939E-01  9.4753456678E-02 -2.4120647444E-05
           Stress_EigVec2 = -9.4753459590E-02  9.9550075018E-01 -1.9567065667E-04
           Stress_EigVec3 =  5.4716515359E-06  1.9707580405E-04  9.9999998057E-01
           -DivStress = -1.2705782766E+03 -2.5919057406E+02  2.6651953346E-01
           ESP =  -1.4721966427E+01     ESP at Nucleus =  -1.4721966441E+01
           ESPe = -2.4673617938E+01     ESPe at Nucleus = -2.4673619275E+01
           ESPn =  9.9516515110E+00     ESPn at Nucleus =  9.9516528335E+00

CP# 6      Coords =  3.82379482964235E+00 -3.08552530903024E+00  5.73755582805817E-04
           Type = (3,-3) NACP H6
           Rho =  4.2690750002E-01     Rho at Nucleus =  4.2072076151E-01
           GradRho = -1.2216573239E-14  1.7912754613E-14 -3.1405864102E-18
           HessRho_EigVals = -6.3845985375E+00 -6.3766701407E+00 -5.6962026920E+00
           HessRho_EigVec1 =  8.2214235461E-01  5.6928194426E-01 -1.2923501020E-04
           HessRho_EigVec2 =  2.3621932667E-05  1.9289987592E-04  9.9999998112E-01
           HessRho_EigVec3 = -5.6928195844E-01  8.2214234214E-01 -1.4514361844E-04
           DelSqRho = -1.8457471370E+01
           Bond Ellipticity = NA
           V = -4.6439205934E+00
           G =  1.4776375438E-02
           K =  4.6291442180E+00
           L =  4.6143678425E+00
           Vnuc =  3.1810126038E+01
           Ven = -1.3579981383E+01
           Vrep =  8.9360607891E+00
           DelSqV =  6.8249735719E+02
           DelSqVen =  5.8713449064E+02
           DelSqVrep =  9.5362866551E+01
           DelSqG =  6.7250464901E+01
           DelSqK = -7.4974782209E+02
           Stress_EigVals = -1.6055745741E+00 -1.6047281891E+00 -1.4336178301E+00
           Stress_EigVec1 =  8.2161141808E-01  5.7004792462E-01 -2.0325167938E-04
           Stress_EigVec2 =  8.3495139604E-05  2.3621016257E-04  9.9999996862E-01
           Stress_EigVec3 = -5.7004795474E-01  8.2161140927E-01 -1.4647673559E-04
           -DivStress =  5.5164965251E+00 -7.9851449159E+00  1.4253622173E-03
           ESP =  -1.0918134337E+00     ESP at Nucleus =  -1.0944176186E+00
           ESPe = -1.0980439864E+01     ESPe at Nucleus = -1.0868246108E+01
           ESPn =  9.8886264302E+00     ESPn at Nucleus =  9.7738284894E+00

CP# 7      Coords =  1.65173486330610E-01 -1.88558094780662E+00  2.72989934827629E-04
           Type = (3,-3) NACP C7
           Rho =  1.1813382875E+02     Rho at Nucleus =  1.1813382845E+02
           GradRho = -1.8470493468E-09  7.3895367603E-10 -6.1581111304E-14
           HessRho_EigVals = -1.4548912198E+05 -1.4548890003E+05 -1.4548830963E+05
           HessRho_EigVec1 =  1.1354083283E-04  3.1211010191E-05  9.9999999307E-01
           HessRho_EigVec2 = -5.9534142410E-01  8.0347282900E-01  4.2518362753E-05
           HessRho_EigVec3 =  8.0347282210E-01  5.9534142480E-01 -1.0980818142E-04
           DelSqRho = -4.3646633164E+05
           Bond Ellipticity = NA
           V = -1.0912672820E+05
           G =  5.0726429093E+00
           K =  1.0912165555E+05
           L =  1.0911658291E+05
           Vnuc =  2.9128142216E+06
           Ven = -3.4410189644E+08
           Vrep =  3.4399276972E+08
           DelSqV =  2.5034893457E+09
           DelSqVen =  1.2713453486E+12
           DelSqVrep = -1.2688418593E+12
           DelSqG =  1.3440963990E+08
           DelSqK = -2.6378989856E+09
           Stress_EigVals = -3.6375880763E+04 -3.6375616800E+04 -3.6375230634E+04
           Stress_EigVec1 =  9.0833865652E-01  4.1823543882E-01 -5.2725941382E-05
           Stress_EigVec2 = -4.1823544211E-01  9.0833865099E-01 -1.0039138002E-04
           Stress_EigVec3 =  5.9057775914E-06  1.1324122865E-04  9.9999999357E-01
           -DivStress =  1.5570204485E+03 -6.1924353866E+02  5.3733757639E-02
           ESP =  -1.4736271493E+01     ESP at Nucleus =  -1.4736271517E+01
           ESPe = -2.5453808434E+01     ESPe at Nucleus = -2.5453807712E+01
           ESPn =  1.0717536941E+01     ESPn at Nucleus =  1.0717536195E+01

CP# 8      Coords = -4.76848725415465E-01 -3.77620284599992E+00  4.73115248221586E-04
           Type = (3,-3) NACP H8
           Rho =  4.2409360991E-01     Rho at Nucleus =  4.1763043573E-01
           GradRho = -2.5587171271E-17  2.6888213878E-16  1.1689054672E-19
           HessRho_EigVals = -6.3307408536E+00 -6.3199975793E+00 -5.6212812608E+00
           HessRho_EigVec1 =  9.4762801565E-01 -3.1937613680E-01  1.6493788909E-04
           HessRho_EigVec2 = -1.2559562870E-04  1.4378015259E-04  9.9999998178E-01
           HessRho_EigVec3 =  3.1937615469E-01  9.4762801909E-01 -9.6137853993E-05
           DelSqRho = -1.8272019694E+01
           Bond Ellipticity = NA
           V = -4.5976775859E+00
           G =  1.4836331249E-02
           K =  4.5828412547E+00
           L =  4.5680049234E+00
           Vnuc =  3.2001645544E+01
           Ven = -1.3571693382E+01
           Vrep =  8.9740157960E+00
           DelSqV =  6.7412605781E+02
           DelSqVen =  5.8473469761E+02
           DelSqVrep =  8.9391360195E+01
           DelSqG =  6.6364206272E+01
           DelSqK = -7.4049026408E+02
           Stress_EigVals = -1.5916659161E+00 -1.5914224635E+00 -1.4145892063E+00
           Stress_EigVec1 = -3.4369248222E-04  2.1752265524E-04  9.9999991728E-01
           Stress_EigVec2 =  9.4708212271E-01 -3.2099111601E-01  3.9532787818E-04
           Stress_EigVec3 =  3.2099117545E-01  9.4708218024E-01 -9.5689584636E-05
           -DivStress = -3.1892416506E+00 -9.3444318139E+00  9.3628442035E-04
           ESP =  -1.0928747534E+00     ESP at Nucleus =  -1.0956198473E+00
           ESPe = -1.1761629746E+01     ESPe at Nucleus = -1.1642914762E+01
           ESPn =  1.0668754993E+01     ESPn at Nucleus =  1.0547294915E+01

CP# 9      Coords = -1.96774662323821E+00 -8.16139842503990E-02  1.01907814260608E-05
           Type = (3,-3) NACP C9
           Rho =  1.1816221602E+02     Rho at Nucleus =  1.1816221428E+02
           GradRho = -1.0968059794E-11  3.2129854333E-13  7.6761513812E-17
           HessRho_EigVals = -1.4551722179E+05 -1.4551656712E+05 -1.4551544633E+05
           HessRho_EigVec1 = -2.0297931025E-04 -1.4548520062E-04  9.9999996882E-01
           HessRho_EigVec2 =  2.2695696583E-01  9.7390476968E-01  1.8775630504E-04
           HessRho_EigVec3 =  9.7390476663E-01 -2.2695699686E-01  1.6466363870E-04
           DelSqRho = -4.3654923524E+05
           Bond Ellipticity = NA
           V = -1.0914684173E+05
           G =  4.7664615856E+00
           K =  1.0914207527E+05
           L =  1.0913730881E+05
           Vnuc =  1.2263087930E+06
           Ven = -1.4490336451E+08
           Vrep =  1.4479421767E+08
           DelSqV =  2.5039475348E+09
           DelSqVen =  5.3534416384E+11
           DelSqVrep = -5.3284021631E+11
           DelSqG =  1.3442608489E+08
           DelSqK = -2.6383736197E+09
           Stress_EigVals = -3.6382792293E+04 -3.6382292898E+04 -3.6381756542E+04
           Stress_EigVec1 =  9.9720540325E-01 -7.4708403661E-02  1.9532820348E-04
           Stress_EigVec2 =  7.4708374358E-02  9.9720541280E-01  1.5324842409E-04
           Stress_EigVec3 = -2.0623128691E-04 -1.3822750399E-04  9.9999996918E-01
           -DivStress = -5.5292992555E+02 -3.9503526143E+03 -6.3751427327E-01
           ESP =  -1.4615268596E+01     ESP at Nucleus =  -1.4615268703E+01
           ESPe = -2.6706632251E+01     ESPe at Nucleus = -2.6706631345E+01
           ESPn =  1.2091363655E+01     ESPn at Nucleus =  1.2091362643E+01

CP# 10     Coords = -4.16448603214306E+00 -7.45234367896901E-01 -5.27997811472377E-04
           Type = (3,-3) NACP O10
           Rho =  2.9268991168E+02     Rho at Nucleus =  2.9268988477E+02
           GradRho =  2.8481705883E-10  2.9058533357E-11 -4.0236911025E-15
           HessRho_EigVals = -6.4635721512E+05 -6.4635497791E+05 -6.4633948370E+05
           HessRho_EigVec1 = -1.8418440032E-04 -1.1031192618E-04  9.9999997695E-01
           HessRho_EigVec2 =  9.5517479192E-01  2.9604235063E-01  2.0858530299E-04
           HessRho_EigVec3 = -2.9604236681E-01  9.5517480833E-01  5.0840788319E-05
           DelSqRho = -1.9390516767E+06
           Bond Ellipticity = NA
           V = -4.8485357518E+05
           G =  4.5327998867E+01
           K =  4.8480824718E+05
           L =  4.8476291919E+05
           Vnuc =  8.7679948466E+05
           Ven = -2.5663036372E+08
           Vrep =  2.5614551015E+08
           DelSqV =  1.9996762620E+10
           DelSqVen =  1.7001595121E+12
           DelSqVrep = -1.6801627494E+12
           DelSqG =  1.0708188570E+09
           DelSqK = -2.1067581477E+10
           Stress_EigVals = -1.6162053867E+05 -1.6161688437E+05 -1.6161615215E+05
           Stress_EigVec1 = -2.9938454276E-01  9.5413253433E-01  4.9897003442E-05
           Stress_EigVec2 =  9.5413251670E-01  2.9938452599E-01  2.1489703986E-04
           Stress_EigVec3 = -1.9010186653E-04 -1.1194520549E-04  9.9999997566E-01
           -DivStress = -5.5764476309E+04 -2.0012426760E+04 -1.4210639958E+01
           ESP =  -2.2345907189E+01     ESP at Nucleus =  -2.2345908017E+01
           ESPe = -3.0660833494E+01     ESPe at Nucleus = -3.0660815376E+01
           ESPn =  8.3149263056E+00     ESPn at Nucleus =  8.3149073591E+00

CP# 11     Coords = -1.29693050650630E+00  2.40248692600671E+00  4.91467825031813E-04
           Type = (3,-3) NACP O11
           Rho =  2.9244556841E+02     Rho at Nucleus =  2.9244554296E+02
           GradRho =  5.3987037063E-11 -2.1414425788E-11  4.9352882892E-15
           HessRho_EigVals = -6.4581285274E+05 -6.4579987313E+05 -6.4579327693E+05
           HessRho_EigVec1 = -3.9505114793E-01  9.1865912370E-01  7.0402452880E-05
           HessRho_EigVec2 =  9.1865911186E-01  3.9505112687E-01  2.0822872463E-04
           HessRho_EigVec3 = -1.6347864935E-04 -1.4693685153E-04  9.9999997584E-01
           DelSqRho = -1.9374060028E+06
           Bond Ellipticity = NA
           V = -4.8444333773E+05
           G =  4.5918512896E+01
           K =  4.8439741921E+05
           L =  4.8435150070E+05
           Vnuc =  9.0108243501E+05
           Ven = -2.6351756489E+08
           Vrep =  2.6303312156E+08
           DelSqV =  1.9979886282E+10
           DelSqVen =  1.7457625180E+12
           DelSqVrep = -1.7257826317E+12
           DelSqG =  1.0698972247E+09
           DelSqK = -2.1049783507E+10
           Stress_EigVals = -1.6148312040E+05 -1.6148144671E+05 -1.6147877062E+05
           Stress_EigVec1 = -1.6902784775E-04 -1.4989120666E-04  9.9999997448E-01
           Stress_EigVec2 =  9.1871180327E-01  3.9492857142E-01  2.1448420440E-04
           Stress_EigVec3 = -3.9492859349E-01  9.1871181608E-01  7.0952894325E-05
           -DivStress =  5.4062958609E+04  1.9788474801E+04  1.4103108704E+01
           ESP =  -2.2290241376E+01     ESP at Nucleus =  -2.2290242172E+01
           ESPe = -3.1356818124E+01     ESPe at Nucleus = -3.1356811999E+01
           ESPn =  9.0665767476E+00     ESPn at Nucleus =  9.0665698265E+00

CP# 12     Coords = -2.82926582629455E+00  3.25889257185610E+00  3.37373940554011E-04
           Type = (3,-3) NACP H12
           Rho =  4.0669827644E-01     Rho at Nucleus =  3.9334507512E-01
           GradRho =  1.9113264573E-15 -9.1680135705E-16  1.3213713977E-19
           HessRho_EigVals = -5.9954857819E+00 -5.9786832764E+00 -4.3869283626E+00
           HessRho_EigVec1 =  5.0182301426E-01  8.6497029377E-01  2.3077321259E-04
           HessRho_EigVec2 = -1.8734978016E-04 -1.5810574680E-04  9.9999996995E-01
           HessRho_EigVec3 =  8.6497030426E-01 -5.0182304242E-01  8.2710891950E-05
           DelSqRho = -1.6361097421E+01
           Bond Ellipticity = NA
           V = -4.1745862908E+00
           G =  4.2155967790E-02
           K =  4.1324303230E+00
           L =  4.0902743552E+00
           Vnuc =  2.5190145914E+01
           Ven = -1.0244788926E+01
           Vrep =  6.0702026355E+00
           DelSqV =  5.7488525022E+02
           DelSqVen =  4.1213843134E+02
           DelSqVrep =  1.6274681888E+02
           DelSqG =  5.6881276967E+01
           DelSqK = -6.3176652719E+02
           Stress_EigVals = -1.5292088812E+00 -1.5247280330E+00 -1.1206493766E+00
           Stress_EigVec1 = -1.7526191757E-04 -1.3785788268E-04  9.9999997514E-01
           Stress_EigVec2 =  5.0484232949E-01  8.6321154957E-01  2.0748015643E-04
           Stress_EigVec3 =  8.6321155671E-01 -5.0484235330E-01  8.1691616818E-05
           -DivStress = -1.2067638269E+01  7.0767368014E+00 -1.1364166688E-03
           ESP =  -9.5223602069E-01     ESP at Nucleus =  -9.5899805933E-01
           ESPe = -1.2456083707E+01     ESPe at Nucleus = -1.2215409185E+01
           ESPn =  1.1503847686E+01     ESPn at Nucleus =  1.1256411125E+01

CP# 13     Coords =  1.02667170501016E+00  1.04022313757601E+00  1.20612939665506E-04
           Type = (3,+1) RCP C2 H3 O11 C9 C7 C5
           Rho =  1.0545093796E-02
           GradRho = -3.1179052395E-14 -3.1894192148E-14  5.0359454494E-16
           HessRho_EigVals = -7.2799748237E-03  2.0070997539E-02  4.4166235308E-02
           HessRho_EigVec1 =  1.3046892066E-04  8.0222629021E-05  9.9999998827E-01
           HessRho_EigVec2 =  4.0493135783E-01  9.1434707826E-01 -1.2618228513E-04
           HessRho_EigVec3 =  9.1434707766E-01 -4.0493136955E-01 -8.6809218307E-05
           DelSqRho =  5.6957258023E-02
           Bond Ellipticity = NA
           V = -9.0215358133E-03
           G =  1.1630425159E-02
           K = -2.6088893462E-03
           L = -1.4239314506E-02
           Vnuc =  1.3708204120E+01
           Ven = -1.4455429822E-01
           Vrep =  1.3553276241E-01
           DelSqV = -4.7246225029E-02
           DelSqVen = -7.8078171911E-01
           DelSqVrep =  7.3353549408E-01
           DelSqG =  6.2799701310E-02
           DelSqK = -1.5553476281E-02
           Stress_EigVals = -3.7249664611E-03 -3.0382246555E-03 -2.2583446966E-03
           Stress_EigVec1 =  9.2134446514E-05  8.1961758043E-05  9.9999999240E-01
           Stress_EigVec2 =  3.5121873219E-01  9.3629343171E-01 -1.0909960003E-04
           Stress_EigVec3 =  9.3629343353E-01 -3.5121873957E-01 -5.7478372357E-05
           -DivStress = -2.2539276311E-04 -2.2349427017E-04 -2.4221836274E-09
           ESP =   4.9032682563E-02
           ESPe = -1.3659171438E+01
           ESPn =  1.3708204120E+01
            104 sample points along path from RCP to BCP between atoms C2 and H3            
             3.3121908238E+00   2.0310240259E+00  -4.2833833729E-04   2.8661614232E-01
             3.3101851474E+00   2.0295316248E+00  -4.2716527000E-04   2.8661370615E-01
             3.2900636732E+00   2.0146950752E+00  -4.1568279988E-04   2.8632162611E-01
             3.2698298425E+00   2.0000121273E+00  -4.0432012065E-04   2.8554499606E-01
             3.2494843381E+00   1.9854843160E+00  -3.9300912371E-04   2.8428969719E-01
             3.2290280849E+00   1.9711128671E+00  -3.8173198083E-04   2.8256504161E-01
             3.2084568384E+00   1.9569065060E+00  -3.7048195899E-04   2.8038362331E-01
             3.1877775778E+00   1.9428578450E+00  -3.5925251207E-04   2.7776112635E-01
             3.1669908535E+00   1.9289686782E+00  -3.4804086614E-04   2.7471608925E-01
             3.1460977732E+00   1.9152400232E+00  -3.3684528785E-04   2.7126962868E-01
             3.1250993730E+00   1.9016730059E+00  -3.2566456202E-04   2.6744512980E-01
             3.1039967782E+00   1.8882686316E+00  -3.1449789192E-04   2.6326791536E-01
             3.0827911572E+00   1.8750278462E+00  -3.0334476950E-04   2.5876489708E-01
             3.0614837194E+00   1.8619515375E+00  -2.9220489058E-04   2.5396421831E-01
             3.0400757100E+00   1.8490405386E+00  -2.8107810168E-04   2.4889489509E-01
             3.0185684082E+00   1.8362956289E+00  -2.6996436218E-04   2.4358646292E-01
             2.9969631248E+00   1.8237175332E+00  -2.5886371694E-04   2.3806863557E-01
             2.9752612022E+00   1.8113069202E+00  -2.4777627583E-04   2.3237098199E-01
             2.9534640129E+00   1.7990643996E+00  -2.3670219814E-04   2.2652262618E-01
             2.9315729600E+00   1.7869905196E+00  -2.2564168034E-04   2.2055197443E-01
             2.9095894766E+00   1.7750857622E+00  -2.1459494621E-04   2.1448647284E-01
             2.8875150268E+00   1.7633505391E+00  -2.0356223872E-04   2.0835239760E-01
             2.8653511051E+00   1.7517851860E+00  -1.9254381322E-04   2.0217467921E-01
             2.8430992380E+00   1.7403899571E+00  -1.8153993157E-04   1.9597676115E-01
             2.8207609840E+00   1.7291650180E+00  -1.7055085693E-04   1.8978049239E-01
             2.7983379343E+00   1.7181104390E+00  -1.5957684919E-04   1.8360605273E-01
             2.7758317141E+00   1.7072261866E+00  -1.4861816061E-04   1.7747190912E-01
             2.7532439823E+00   1.6965121163E+00  -1.3767503195E-04   1.7139480049E-01
             2.7305764330E+00   1.6859679632E+00  -1.2674768865E-04   1.6538974856E-01
             2.7078307947E+00   1.6755933338E+00  -1.1583633730E-04   1.5947009131E-01
             2.6850088309E+00   1.6653876977E+00  -1.0494116216E-04   1.5364753619E-01
             2.6621123394E+00   1.6553503796E+00  -9.4062321889E-05   1.4793222952E-01
             2.6391431508E+00   1.6454805516E+00  -8.3199946369E-05   1.4233283894E-01
             2.6161031273E+00   1.6357772276E+00  -7.2354133657E-05   1.3685664585E-01
             2.5929941599E+00   1.6262392581E+00  -6.1524947137E-05   1.3150964457E-01
             2.5698181657E+00   1.6168653269E+00  -5.0712412847E-05   1.2629664588E-01
             2.5465770835E+00   1.6076539502E+00  -3.9916517035E-05   1.2122138209E-01
             2.5232728699E+00   1.5986034775E+00  -2.9137203955E-05   1.1628661173E-01
             2.4999074936E+00   1.5897120948E+00  -1.8374373937E-05   1.1149422197E-01
             2.4764829297E+00   1.5809778302E+00  -7.6278817334E-06   1.0684532710E-01
             2.4530011534E+00   1.5723985627E+00   3.1024648600E-06   1.0234036207E-01
             2.4294641333E+00   1.5639720325E+00   1.3816906120E-05   9.7979170003E-02
             2.4058738246E+00   1.5556958536E+00   2.4515731294E-05   9.3761083155E-02
             2.3822321616E+00   1.5475675293E+00   3.5199279335E-05   8.9684996845E-02
             2.3585410516E+00   1.5395844679E+00   4.5867939550E-05   8.5749436290E-02
             2.3348023676E+00   1.5317440009E+00   5.6522152263E-05   8.1952616293E-02
             2.3110179423E+00   1.5240434012E+00   6.7162409612E-05   7.8292494017E-02
             2.2871895628E+00   1.5164799015E+00   7.7789256628E-05   7.4766815146E-02
             2.2633189653E+00   1.5090507127E+00   8.8403292745E-05   7.1373153858E-02
             2.2394078311E+00   1.5017530415E+00   9.9005173917E-05   6.8108947083E-02
             2.2154577835E+00   1.4945841061E+00   1.0959561554E-04   6.4971523596E-02
             2.1914703856E+00   1.4875411504E+00   1.2017539639E-04   6.1958128488E-02
             2.1674471391E+00   1.4806214560E+00   1.3074536374E-04   5.9065943584E-02
             2.1433894839E+00   1.4738223505E+00   1.4130643997E-04   5.6292104353E-02
             2.1192987993E+00   1.4671412140E+00   1.5185963085E-04   5.3633713836E-02
             2.0951764058E+00   1.4605754807E+00   1.6240603580E-04   5.1087854085E-02
             2.0710235677E+00   1.4541226372E+00   1.7294686037E-04   4.8651595559E-02
             2.0468414972E+00   1.4477802172E+00   1.8348343129E-04   4.6322004889E-02
             2.0226313587E+00   1.4415457909E+00   1.9401721442E-04   4.4096151357E-02
             1.9983942748E+00   1.4354169503E+00   2.0454983604E-04   4.1971112401E-02
             1.9741313321E+00   1.4293912900E+00   2.1508310789E-04   3.9943978401E-02
             1.9498435887E+00   1.4234663821E+00   2.2561905648E-04   3.8011856968E-02
             1.9255320816E+00   1.4176397466E+00   2.3615995740E-04   3.6171876883E-02
             1.9011978354E+00   1.4119088157E+00   2.4670837524E-04   3.4421191837E-02
             1.8768418718E+00   1.4062708915E+00   2.5726721019E-04   3.2756984054E-02
             1.8524652192E+00   1.4007230982E+00   2.6783975219E-04   3.1176467853E-02
             1.8280689242E+00   1.3952623254E+00   2.7842974427E-04   2.9676893203E-02
             1.8036540631E+00   1.3898851645E+00   2.8904145633E-04   2.8255549261E-02
             1.7792217554E+00   1.3845878349E+00   2.9967977172E-04   2.6909767906E-02
             1.7547731788E+00   1.3793660993E+00   3.1035028887E-04   2.5636927234E-02
             1.7303095859E+00   1.3742151673E+00   3.2105944125E-04   2.4434454993E-02
             1.7058323233E+00   1.3691295832E+00   3.3181463940E-04   2.3299831909E-02
             1.6813428553E+00   1.3641030965E+00   3.4262444011E-04   2.2230594864E-02
             1.6568427903E+00   1.3591285116E+00   3.5349874901E-04   2.1224339862E-02
             1.6323339147E+00   1.3541975111E+00   3.6444906461E-04   2.0278724743E-02
             1.6078182345E+00   1.3493004481E+00   3.7548877427E-04   1.9391471570E-02
             1.5832980272E+00   1.3444260991E+00   3.8663351571E-04   1.8560368635E-02
             1.5587759093E+00   1.3395613688E+00   3.9790162210E-04   1.7783272012E-02
             1.5342549243E+00   1.3346909343E+00   4.0931467433E-04   1.7058106572E-02
             1.5097386579E+00   1.3297968125E+00   4.2089819259E-04   1.6382866376E-02
             1.4852313936E+00   1.3248578301E+00   4.3268251023E-04   1.5755614327E-02
             1.4607383227E+00   1.3198489703E+00   4.4470388896E-04   1.5174480940E-02
             1.4362658332E+00   1.3147405593E+00   4.5700595682E-04   1.4637662049E-02
             1.4118219111E+00   1.3094972476E+00   4.6964158216E-04   1.4143415204E-02
             1.3874167047E+00   1.3040767282E+00   4.8267534357E-04   1.3690054438E-02
             1.3630633285E+00   1.2984281142E+00   4.9618682205E-04   1.3275942961E-02
             1.3387790213E+00   1.2924898885E+00   5.1027503950E-04   1.2899483191E-02
             1.3145868314E+00   1.2861873203E+00   5.2506450756E-04   1.2559103340E-02
             1.2905180919E+00   1.2794292592E+00   5.4071355182E-04   1.2253239506E-02
             1.2666160712E+00   1.2721042796E+00   5.5742585246E-04   1.1980312025E-02
             1.2429413384E+00   1.2640763477E+00   5.7546649982E-04   1.1738694691E-02
             1.2195795104E+00   1.2551806778E+00   5.9518426545E-04   1.1526675824E-02
             1.1966519364E+00   1.2452215098E+00   6.1704211455E-04   1.1342411796E-02
             1.1743289439E+00   1.2339755286E+00   6.4165804012E-04   1.1183878115E-02
             1.1528423358E+00   1.2212075194E+00   6.6985827236E-04   1.1048832862E-02
             1.1324875098E+00   1.2067065338E+00   7.0274744983E-04   1.0934823346E-02
             1.1135977219E+00   1.1903450154E+00   7.4181567972E-04   1.0839281123E-02
             1.0964751649E+00   1.1721427603E+00   7.8915387958E-04   1.0759736007E-02
             1.0812917750E+00   1.1522933174E+00   8.4797172058E-04   1.0694107100E-02
             1.0680120920E+00   1.1311214179E+00   9.2389456982E-04   1.0640940049E-02
             1.0563862013E+00   1.1089959492E+00   1.0284543296E-03   1.0599469887E-02
             1.0460015405E+00   1.0862589101E+00   1.1909120829E-03   1.0569508623E-02
             1.0363272313E+00   1.0632103397E+00   1.5251587697E-03   1.0551249996E-02
             1.0266717050E+00   1.0402231376E+00   1.2061293967E-04   1.0545093796E-02
             58 sample points along path from RCP to BCP between atoms H3 and O11           
             1.1598269317E+00   2.4282938312E+00  -6.2925996335E-05   1.7016472291E-02
             1.1597609214E+00   2.4257947030E+00  -6.2016261600E-05   1.7016419005E-02
             1.1591016152E+00   2.4008033999E+00  -5.2905644619E-05   1.7010046339E-02
             1.1584423788E+00   2.3758120949E+00  -4.3764840723E-05   1.6993141422E-02
             1.1577814667E+00   2.3508208342E+00  -3.4590918648E-05   1.6965849102E-02
             1.1571170850E+00   2.3258296656E+00  -2.5381613770E-05   1.6928342835E-02
             1.1564472114E+00   2.3008386436E+00  -1.6132650162E-05   1.6880823954E-02
             1.1557701542E+00   2.2758478152E+00  -6.8431228675E-06   1.6823520813E-02
             1.1550840716E+00   2.2508572331E+00   2.4891242757E-06   1.6756687814E-02
             1.1543868102E+00   2.2258669604E+00   1.1866738404E-05   1.6680604322E-02
             1.1536763699E+00   2.2008770591E+00   2.1292409882E-05   1.6595573491E-02
             1.1529506963E+00   2.1758875956E+00   3.0769020484E-05   1.6501920995E-02
             1.1522075997E+00   2.1508986443E+00   4.0299680901E-05   1.6399993693E-02
             1.1514448531E+00   2.1259102852E+00   4.9887726079E-05   1.6290158225E-02
             1.1506601597E+00   2.1009226059E+00   5.9536745664E-05   1.6172799563E-02
             1.1498511370E+00   2.0759357027E+00   6.9250613701E-05   1.6048319524E-02
             1.1490153190E+00   2.0509496816E+00   7.9033517959E-05   1.5917135258E-02
             1.1481501480E+00   2.0259646600E+00   8.8889995433E-05   1.5779677724E-02
             1.1472529666E+00   2.0009807678E+00   9.8824972435E-05   1.5636390169E-02
             1.1463210096E+00   1.9759981489E+00   1.0884381013E-04   1.5487726619E-02
             1.1453513957E+00   1.9510169636E+00   1.1895235671E-04   1.5334150390E-02
             1.1443411173E+00   1.9260373902E+00   1.2915700732E-04   1.5176132643E-02
             1.1432870305E+00   1.9010596277E+00   1.3946477307E-04   1.5014150979E-02
             1.1421858429E+00   1.8760838979E+00   1.4988336084E-04   1.4848688090E-02
             1.1410341013E+00   1.8511104490E+00   1.6042126604E-04   1.4680230481E-02
             1.1398281779E+00   1.8261395585E+00   1.7108788071E-04   1.4509267255E-02
             1.1385642549E+00   1.8011715373E+00   1.8189362019E-04   1.4336288990E-02
             1.1372383072E+00   1.7762067341E+00   1.9285007225E-04   1.4161786699E-02
             1.1358460845E+00   1.7512455402E+00   2.0397017355E-04   1.3986250880E-02
             1.1343830899E+00   1.7262883956E+00   2.1526841950E-04   1.3810170670E-02
             1.1328445570E+00   1.7013357950E+00   2.2676111541E-04   1.3634033101E-02
             1.1312254241E+00   1.6763882963E+00   2.3846667896E-04   1.3458322459E-02
             1.1295203048E+00   1.6514465288E+00   2.5040600668E-04   1.3283519749E-02
             1.1277234551E+00   1.6265112039E+00   2.6260292153E-04   1.3110102278E-02
             1.1258287363E+00   1.6015831268E+00   2.7508472349E-04   1.2938543340E-02
             1.1238295715E+00   1.5766632111E+00   2.8788287273E-04   1.2769312010E-02
             1.1217188966E+00   1.5517524954E+00   3.0103384507E-04   1.2602873055E-02
             1.1194891027E+00   1.5268521628E+00   3.1458021366E-04   1.2439686940E-02
             1.1171319695E+00   1.5019635657E+00   3.2857203197E-04   1.2280209945E-02
             1.1146385863E+00   1.4770882536E+00   3.4306862281E-04   1.2124894381E-02
